784 
2 
0.0 0.1 
0.0 0.1 
0.0 0.1 
0.0 0.1 
0.0 0.1 
0.0 0.1 
0.0 0.1 
0.0 0.1 
0.0 0.1 
0.0 0.1 
0.0 0.1 
0.0 0.1 
0.0 0.1 
0.0 0.1 
0.0 0.1 
0.0 0.1 
0.0 0.1 
0.0 0.1 
0.0 0.1 
0.0 0.1 
0.0 0.1 
0.0 0.1 
0.0 0.1 
0.0 0.1 
0.0 0.1 
0.0 0.1 
0.0 0.1 
0.0 0.1 
0.0 0.1 
0.0 0.1 
0.0 0.1 
0.0 0.1 
0.0 0.1 
0.0 0.1 
0.0 0.1 
0.0 0.1 
0.0 0.1 
0.0 0.1 
0.0 0.1 
0.0 0.1 
0.0 0.1 
0.0 0.1 
0.0 0.1 
0.0 0.1 
0.0 0.1 
0.0 0.1 
0.0 0.1 
0.0 0.1 
0.0 0.1 
0.0 0.1 
0.0 0.1 
0.0 0.1 
0.0 0.1 
0.0 0.1 
0.0 0.1 
0.0 0.1 
0.0 0.1 
0.0 0.1 
0.0 0.1 
0.0 0.1 
0.0 0.1 
0.0 0.1 
0.0 0.1 
0.0 0.1 
0.0 0.1 
0.0 0.1 
0.0 0.1 
0.0 0.1 
0.0 0.1 
0.0 0.1 
0.0 0.1 
0.0 0.1 
0.0 0.1 
0.0 0.1 
0.0 0.1 
0.0 0.1 
0.0 0.1 
0.0 0.1 
0.0 0.1 
0.0 0.1 
0.0 0.1 
0.0 0.1 
0.0 0.1 
0.0 0.1 
0.0 0.1 
0.0 0.1 
0.0 0.1 
0.0 0.1 
0.0 0.1 
0.0 0.1 
0.0 0.1 
0.0 0.1 
0.0 0.1 
0.0 0.1 
0.0 0.1 
0.0 0.1 
0.0 0.1 
0.0 0.1 
0.0 0.1 
0.0 0.1 
0.0 0.1 
0.0 0.1 
0.0 0.1 
0.0 0.1 
0.0 0.1 
0.0 0.1 
0.0 0.1 
0.0 0.1 
0.0 0.1 
0.0 0.1 
0.0 0.1 
0.0 0.1 
0.0 0.1 
0.0 0.1 
0.0 0.1 
0.0 0.1 
0.0 0.1 
0.0 0.1 
0.0 0.1 
0.0 0.1 
0.0 0.1 
0.0 0.1 
0.0 0.1 
0.0 0.1 
0.0 0.1 
0.0 0.1 
0.0 0.1 
0.0 0.1 
0.0 0.1 
0.0 0.1 
0.0 0.1 
0.0 0.1 
0.0 0.1 
0.0 0.1 
0.0 0.1 
0.0 0.1 
0.0 0.1 
0.0 0.1 
0.0 0.1 
0.0 0.1 
0.0 0.1 
0.0 0.1 
0.0 0.1 
0.0 0.1 
0.0 0.1 
0.0 0.1 
0.0 0.1 
0.0 0.1 
0.0 0.1 
0.0 0.1 
0.0 0.1 
0.0 0.1 
0.011764706 0.1 
0.07058824 0.1 
0.07058824 0.1 
0.07058824 0.1 
0.49411765 0.1 
0.53333336 0.1 
0.6862745 0.1 
0.101960786 0.1 
0.6509804 0.1 
1.0 0.1 
0.96862745 0.1 
0.49803922 0.1 
0.0 0.1 
0.0 0.1 
0.0 0.1 
0.0 0.1 
0.0 0.1 
0.0 0.1 
0.0 0.1 
0.0 0.1 
0.0 0.1 
0.0 0.1 
0.0 0.1 
0.0 0.1 
0.11764706 0.1 
0.14117648 0.1 
0.36862746 0.1 
0.6039216 0.1 
0.6666667 0.1 
0.99215686 0.1 
0.99215686 0.1 
0.99215686 0.1 
0.99215686 0.1 
0.99215686 0.1 
0.88235295 0.1 
0.6745098 0.1 
0.99215686 0.1 
0.9490196 0.1 
0.7647059 0.1 
0.2509804 0.1 
0.0 0.1 
0.0 0.1 
0.0 0.1 
0.0 0.1 
0.0 0.1 
0.0 0.1 
0.0 0.1 
0.0 0.1 
0.0 0.1 
0.0 0.1 
0.0 0.1 
0.19215687 0.1 
0.93333334 0.1 
0.99215686 0.1 
0.99215686 0.1 
0.99215686 0.1 
0.99215686 0.1 
0.99215686 0.1 
0.99215686 0.1 
0.99215686 0.1 
0.99215686 0.1 
0.9843137 0.1 
0.3647059 0.1 
0.32156864 0.1 
0.32156864 0.1 
0.21960784 0.1 
0.15294118 0.1 
0.0 0.1 
0.0 0.1 
0.0 0.1 
0.0 0.1 
0.0 0.1 
0.0 0.1 
0.0 0.1 
0.0 0.1 
0.0 0.1 
0.0 0.1 
0.0 0.1 
0.0 0.1 
0.07058824 0.1 
0.85882354 0.1 
0.99215686 0.1 
0.99215686 0.1 
0.99215686 0.1 
0.99215686 0.1 
0.99215686 0.1 
0.7764706 0.1 
0.7137255 0.1 
0.96862745 0.1 
0.94509804 0.1 
0.0 0.1 
0.0 0.1 
0.0 0.1 
0.0 0.1 
0.0 0.1 
0.0 0.1 
0.0 0.1 
0.0 0.1 
0.0 0.1 
0.0 0.1 
0.0 0.1 
0.0 0.1 
0.0 0.1 
0.0 0.1 
0.0 0.1 
0.0 0.1 
0.0 0.1 
0.0 0.1 
0.3137255 0.1 
0.6117647 0.1 
0.41960785 0.1 
0.99215686 0.1 
0.99215686 0.1 
0.8039216 0.1 
0.043137256 0.1 
0.0 0.1 
0.16862746 0.1 
0.6039216 0.1 
0.0 0.1 
0.0 0.1 
0.0 0.1 
0.0 0.1 
0.0 0.1 
0.0 0.1 
0.0 0.1 
0.0 0.1 
0.0 0.1 
0.0 0.1 
0.0 0.1 
0.0 0.1 
0.0 0.1 
0.0 0.1 
0.0 0.1 
0.0 0.1 
0.0 0.1 
0.0 0.1 
0.0 0.1 
0.05490196 0.1 
0.003921569 0.1 
0.6039216 0.1 
0.99215686 0.1 
0.3529412 0.1 
0.0 0.1 
0.0 0.1 
0.0 0.1 
0.0 0.1 
0.0 0.1 
0.0 0.1 
0.0 0.1 
0.0 0.1 
0.0 0.1 
0.0 0.1 
0.0 0.1 
0.0 0.1 
0.0 0.1 
0.0 0.1 
0.0 0.1 
0.0 0.1 
0.0 0.1 
0.0 0.1 
0.0 0.1 
0.0 0.1 
0.0 0.1 
0.0 0.1 
0.0 0.1 
0.0 0.1 
0.0 0.1 
0.54509807 0.1 
0.99215686 0.1 
0.74509805 0.1 
0.007843138 0.1 
0.0 0.1 
0.0 0.1 
0.0 0.1 
0.0 0.1 
0.0 0.1 
0.0 0.1 
0.0 0.1 
0.0 0.1 
0.0 0.1 
0.0 0.1 
0.0 0.1 
0.0 0.1 
0.0 0.1 
0.0 0.1 
0.0 0.1 
0.0 0.1 
0.0 0.1 
0.0 0.1 
0.0 0.1 
0.0 0.1 
0.0 0.1 
0.0 0.1 
0.0 0.1 
0.0 0.1 
0.043137256 0.1 
0.74509805 0.1 
0.99215686 0.1 
0.27450982 0.1 
0.0 0.1 
0.0 0.1 
0.0 0.1 
0.0 0.1 
0.0 0.1 
0.0 0.1 
0.0 0.1 
0.0 0.1 
0.0 0.1 
0.0 0.1 
0.0 0.1 
0.0 0.1 
0.0 0.1 
0.0 0.1 
0.0 0.1 
0.0 0.1 
0.0 0.1 
0.0 0.1 
0.0 0.1 
0.0 0.1 
0.0 0.1 
0.0 0.1 
0.0 0.1 
0.0 0.1 
0.0 0.1 
0.13725491 0.1 
0.94509804 0.1 
0.88235295 0.1 
0.627451 0.1 
0.42352942 0.1 
0.003921569 0.1 
0.0 0.1 
0.0 0.1 
0.0 0.1 
0.0 0.1 
0.0 0.1 
0.0 0.1 
0.0 0.1 
0.0 0.1 
0.0 0.1 
0.0 0.1 
0.0 0.1 
0.0 0.1 
0.0 0.1 
0.0 0.1 
0.0 0.1 
0.0 0.1 
0.0 0.1 
0.0 0.1 
0.0 0.1 
0.0 0.1 
0.0 0.1 
0.0 0.1 
0.0 0.1 
0.31764707 0.1 
0.9411765 0.1 
0.99215686 0.1 
0.99215686 0.1 
0.46666667 0.1 
0.09803922 0.1 
0.0 0.1 
0.0 0.1 
0.0 0.1 
0.0 0.1 
0.0 0.1 
0.0 0.1 
0.0 0.1 
0.0 0.1 
0.0 0.1 
0.0 0.1 
0.0 0.1 
0.0 0.1 
0.0 0.1 
0.0 0.1 
0.0 0.1 
0.0 0.1 
0.0 0.1 
0.0 0.1 
0.0 0.1 
0.0 0.1 
0.0 0.1 
0.0 0.1 
0.0 0.1 
0.1764706 0.1 
0.7294118 0.1 
0.99215686 0.1 
0.99215686 0.1 
0.5882353 0.1 
0.105882354 0.1 
0.0 0.1 
0.0 0.1 
0.0 0.1 
0.0 0.1 
0.0 0.1 
0.0 0.1 
0.0 0.1 
0.0 0.1 
0.0 0.1 
0.0 0.1 
0.0 0.1 
0.0 0.1 
0.0 0.1 
0.0 0.1 
0.0 0.1 
0.0 0.1 
0.0 0.1 
0.0 0.1 
0.0 0.1 
0.0 0.1 
0.0 0.1 
0.0 0.1 
0.0 0.1 
0.0627451 0.1 
0.3647059 0.1 
0.9882353 0.1 
0.99215686 0.1 
0.73333335 0.1 
0.0 0.1 
0.0 0.1 
0.0 0.1 
0.0 0.1 
0.0 0.1 
0.0 0.1 
0.0 0.1 
0.0 0.1 
0.0 0.1 
0.0 0.1 
0.0 0.1 
0.0 0.1 
0.0 0.1 
0.0 0.1 
0.0 0.1 
0.0 0.1 
0.0 0.1 
0.0 0.1 
0.0 0.1 
0.0 0.1 
0.0 0.1 
0.0 0.1 
0.0 0.1 
0.0 0.1 
0.0 0.1 
0.9764706 0.1 
0.99215686 0.1 
0.9764706 0.1 
0.2509804 0.1 
0.0 0.1 
0.0 0.1 
0.0 0.1 
0.0 0.1 
0.0 0.1 
0.0 0.1 
0.0 0.1 
0.0 0.1 
0.0 0.1 
0.0 0.1 
0.0 0.1 
0.0 0.1 
0.0 0.1 
0.0 0.1 
0.0 0.1 
0.0 0.1 
0.0 0.1 
0.0 0.1 
0.0 0.1 
0.0 0.1 
0.0 0.1 
0.18039216 0.1 
0.50980395 0.1 
0.7176471 0.1 
0.99215686 0.1 
0.99215686 0.1 
0.8117647 0.1 
0.007843138 0.1 
0.0 0.1 
0.0 0.1 
0.0 0.1 
0.0 0.1 
0.0 0.1 
0.0 0.1 
0.0 0.1 
0.0 0.1 
0.0 0.1 
0.0 0.1 
0.0 0.1 
0.0 0.1 
0.0 0.1 
0.0 0.1 
0.0 0.1 
0.0 0.1 
0.0 0.1 
0.0 0.1 
0.0 0.1 
0.15294118 0.1 
0.5803922 0.1 
0.8980392 0.1 
0.99215686 0.1 
0.99215686 0.1 
0.99215686 0.1 
0.98039216 0.1 
0.7137255 0.1 
0.0 0.1 
0.0 0.1 
0.0 0.1 
0.0 0.1 
0.0 0.1 
0.0 0.1 
0.0 0.1 
0.0 0.1 
0.0 0.1 
0.0 0.1 
0.0 0.1 
0.0 0.1 
0.0 0.1 
0.0 0.1 
0.0 0.1 
0.0 0.1 
0.0 0.1 
0.0 0.1 
0.09411765 0.1 
0.44705883 0.1 
0.8666667 0.1 
0.99215686 0.1 
0.99215686 0.1 
0.99215686 0.1 
0.99215686 0.1 
0.7882353 0.1 
0.30588236 0.1 
0.0 0.1 
0.0 0.1 
0.0 0.1 
0.0 0.1 
0.0 0.1 
0.0 0.1 
0.0 0.1 
0.0 0.1 
0.0 0.1 
0.0 0.1 
0.0 0.1 
0.0 0.1 
0.0 0.1 
0.0 0.1 
0.0 0.1 
0.0 0.1 
0.0 0.1 
0.09019608 0.1 
0.25882354 0.1 
0.8352941 0.1 
0.99215686 0.1 
0.99215686 0.1 
0.99215686 0.1 
0.99215686 0.1 
0.7764706 0.1 
0.31764707 0.1 
0.007843138 0.1 
0.0 0.1 
0.0 0.1 
0.0 0.1 
0.0 0.1 
0.0 0.1 
0.0 0.1 
0.0 0.1 
0.0 0.1 
0.0 0.1 
0.0 0.1 
0.0 0.1 
0.0 0.1 
0.0 0.1 
0.0 0.1 
0.0 0.1 
0.0 0.1 
0.07058824 0.1 
0.67058825 0.1 
0.85882354 0.1 
0.99215686 0.1 
0.99215686 0.1 
0.99215686 0.1 
0.99215686 0.1 
0.7647059 0.1 
0.3137255 0.1 
0.03529412 0.1 
0.0 0.1 
0.0 0.1 
0.0 0.1 
0.0 0.1 
0.0 0.1 
0.0 0.1 
0.0 0.1 
0.0 0.1 
0.0 0.1 
0.0 0.1 
0.0 0.1 
0.0 0.1 
0.0 0.1 
0.0 0.1 
0.0 0.1 
0.0 0.1 
0.21568628 0.1 
0.6745098 0.1 
0.8862745 0.1 
0.99215686 0.1 
0.99215686 0.1 
0.99215686 0.1 
0.99215686 0.1 
0.95686275 0.1 
0.52156866 0.1 
0.043137256 0.1 
0.0 0.1 
0.0 0.1 
0.0 0.1 
0.0 0.1 
0.0 0.1 
0.0 0.1 
0.0 0.1 
0.0 0.1 
0.0 0.1 
0.0 0.1 
0.0 0.1 
0.0 0.1 
0.0 0.1 
0.0 0.1 
0.0 0.1 
0.0 0.1 
0.0 0.1 
0.0 0.1 
0.53333336 0.1 
0.99215686 0.1 
0.99215686 0.1 
0.99215686 0.1 
0.83137256 0.1 
0.5294118 0.1 
0.5176471 0.1 
0.0627451 0.1 
0.0 0.1 
0.0 0.1 
0.0 0.1 
0.0 0.1 
0.0 0.1 
0.0 0.1 
0.0 0.1 
0.0 0.1 
0.0 0.1 
0.0 0.1 
0.0 0.1 
0.0 0.1 
0.0 0.1 
0.0 0.1 
0.0 0.1 
0.0 0.1 
0.0 0.1 
0.0 0.1 
0.0 0.1 
0.0 0.1 
0.0 0.1 
0.0 0.1 
0.0 0.1 
0.0 0.1 
0.0 0.1 
0.0 0.1 
0.0 0.1 
0.0 0.1 
0.0 0.1 
0.0 0.1 
0.0 0.1 
0.0 0.1 
0.0 0.1 
0.0 0.1 
0.0 0.1 
0.0 0.1 
0.0 0.1 
0.0 0.1 
0.0 0.1 
0.0 0.1 
0.0 0.1 
0.0 0.1 
0.0 0.1 
0.0 0.1 
0.0 0.1 
0.0 0.1 
0.0 0.1 
0.0 0.1 
0.0 0.1 
0.0 0.1 
0.0 0.1 
0.0 0.1 
0.0 0.1 
0.0 0.1 
0.0 0.1 
0.0 0.1 
0.0 0.1 
0.0 0.1 
0.0 0.1 
0.0 0.1 
0.0 0.1 
0.0 0.1 
0.0 0.1 
0.0 0.1 
0.0 0.1 
0.0 0.1 
0.0 0.1 
0.0 0.1 
0.0 0.1 
0.0 0.1 
0.0 0.1 
0.0 0.1 
0.0 0.1 
0.0 0.1 
0.0 0.1 
0.0 0.1 
0.0 0.1 
0.0 0.1 
0.0 0.1 
0.0 0.1 
0.0 0.1 
0.0 0.1 
0.0 0.1 
0.0 0.1 
0.0 0.1 
0.0 0.1 
0.0 0.1 
0.0 0.1 
0.0 0.1 
0.0 0.1 
0.0 0.1 
0.0 0.1 
0.0 0.1 
0.0 0.1 
0.0 0.1 
0.0 0.1 
0.0 0.1 
0.0 0.1 
0.0 0.1 
0.0 0.1 
